342
343
280
281
404
405
450
455
460
461
462
290
295
451
456
452
457
404
405
291
296
292
297
280
281
196
66
197
67
198
68
199
69
70
200
71
201
202
208
209
210
211
212
69
213
208
184
222
344
349
223
430
440
185
224
186
187
345
350
347
352
188
226
189
208
57
196
227
190
59
198
61
228
63
348
353
229
191
208
209
210
211
212
230
213
184
185
186
187
188
189
190
191
208
209
210
211
212
213
231
184
185
186
187
188
189
190
191
208
209
210
211
212
213
232
233
56
234
235
208
209
210
211
212
213
222
223
224
226
227
228
229
230
231
232
233
234
235
208
209
210
211
212
213
222
223
224
226
227
228
229
230
231
232
233
234
235
208
209
210
211
212
213
222
223
224
226
227
228
229
230
231
232
233
234
235
208
209
210
211
212
213
222
223
224
226
227
228
229
230
231
232
233
234
235
208
209
210
211
212
213
222
223
224
226
227
228
229
230
231
232
233
234
235
208
209
210
211
212
213
222
223
224
226
227
228
229
230
231
232
233
234
235
208
209
210
211
212
213
222
223
224
226
227
228
229
230
231
232
233
234
235
208
209
210
211
212
213
222
223
224
226
227
228
229
230
231
232
233
234
235
208
209
210
211
212
213
432
442
222
223
224
226
227
228
229
230
231
232
233
234
235
433
443
434
444
208
209
404
405
210
211
212
213
66
67
68
69
70
71
69
342
343
420
425
421
426
196
197
198
199
200
201
202
208
209
210
211
212
213
197
57
59
61
404
405
376
385
377
386
342
343
66
67
68
69
70
71
69
420
425
422
427
68
215
70
217
423
428
344
349
345
350
346
351
342
343
424
429
208
404
405
66
56
67
68
69
70
71
69
430
440
432
442
57
433
443
434
444
58
59
404
405
60
61
62
63
366
371
368
373
60
199
58
197
369
374
370
375
208
196
342
343
214
215
216
217
208
209
210
211
212
213
215
67
69
430
440
432
442
433
443
435
445
68
215
436
446
70
217
437
447
213
438
448
439
449
196
197
198
199
200
201
202
208
209
210
211
212
213
196
197
198
199
200
201
202
208
209
210
211
212
213
196
197
198
199
200
201
202
208
209
210
211
212
213
184
185
186
187
188
189
190
191
208
209
210
211
212
213
493
502
494
503
460
461
462
222
223
224
226
227
228
229
230
231
232
233
234
235
208
209
210
211
212
213
222
223
224
226
227
228
229
230
231
232
233
234
235
208
209
210
211
212
213
222
223
224
226
227
228
229
230
231
232
233
234
235
208
209
210
211
212
213
222
223
224
226
227
228
229
230
231
232
233
234
235
208
209
210
211
212
213
222
223
224
226
227
228
229
230
231
232
233
234
235
208
209
210
211
212
213
222
223
224
226
227
228
229
230
231
232
233
234
235
208
209
210
211
212
213
222
223
224
226
227
228
229
230
231
232
233
234
235
208
209
210
211
212
213
222
223
224
226
227
228
229
230
231
232
233
234
235
208
209
210
211
212
213
222
223
224
226
227
228
229
230
231
232
233
234
235
208
209
210
211
212
213
222
223
224
226
227
228
229
230
231
232
233
234
235
208
209
210
211
212
213
404
405
450
455
451
456
452
457
404
405
214
215
216
217
208
209
210
211
212
213
406
411
407
412
409
414
208
67
214
69
216
71
410
415
404
405
406
411
407
412
408
413
404
405
214
215
216
217
208
209
210
211
212
213
214
215
216
217
208
209
210
211
212
213
214
215
216
217
208
209
210
211
212
213
214
215
216
217
208
209
210
211
212
213
214
215
216
217
208
209
210
211
212
213
214
215
216
217
208
209
210
211
212
213
214
215
216
217
208
209
210
211
212
213
214
215
216
217
208
209
210
211
212
213
214
215
216
217
208
209
210
211
212
213
214
215
216
217
208
209
210
211
212
213
284
287
356
361
196
184
184
184
285
288
43
286
289
42
282
283
208
45
184
47
186
49
188
51
190
53
282
283
208
45
184
47
186
49
188
51
190
53
282
283
208
45
184
47
186
49
188
51
190
53
196
196
280
281
357
362
359
364
55
360
365
54
342
343
184
185
186
187
188
189
190
191
208
209
210
211
212
213
290
295
291
296
293
298
208
45
184
47
186
49
188
51
190
53
294
299
46
280
281
184
185
186
187
188
189
190
191
208
209
210
211
212
213
184
185
186
187
188
189
190
191
208
209
210
211
212
213
184
185
186
187
188
189
190
191
208
209
210
211
212
213
284
287
196
197
198
199
200
201
202
208
209
210
211
212
213
197
184
184
184
285
288
43
286
289
42
209
57
59
61
376
385
377
386
342
343
465
471
466
472
467
473
394
399
395
400
396
401
342
343
56
57
58
59
60
61
62
63
366
371
367
372
460
461
462
184
185
186
187
188
189
190
191
208
209
210
211
212
213
209
74
75
76
77
78
79
80
81
82
83
84
85
493
502
495
504
496
505
497
506
460
461
462
460
461
462
416
418
184
185
186
187
188
189
190
191
208
209
210
211
212
213
74
75
76
77
78
79
80
81
82
83
84
85
493
502
495
504
496
505
497
506
417
419
